001001100   
001001101
001001110
001001010 
001001111 
001001001
001110011
001110101
001110110
001110010
001110001
000111110
001111001
001001001
001110001
001111001
111010111
111010111
010101010
001101011
001101101
001101110
001101010
001101111
000010101
110100110
110110010
101010001
001001001
101011001
100010110
100011111
001000011
001000011
001000100
001000110
000010000
001000111
010011000
011010011
111011111
111011111
111000111
111000111
000000010
111000111
000011010
111111001
111011111
011000011
111011111
111011111
000011010
111111010
111011111
011000011
111011111
111011111
000011010
111111011
111011111
011000011
111011111
111011111
000011010
111111100
111011111
011000011
111011111
111011111
000011010
111111101
111011111
011000011
111011111
111011111
000011010
111111110
111011111
011000011
111011111
111011111
000011010
111111110
111111001
111011111
011000011
110000000
110110100
001100001
001000101
001000110
001000010
001000111
101010110
010010000
001000010
101011111
010011000
011010011
111011111
111011111
111000111
111000111
000000010
111000111
000011010
111111001
111011111
011000011
111011111
111011111
000011010
111111010
111011111
011000011
111011111
111011111
000011010
111111011
111011111
011000011
111011111
111011111
000011010
111111100
111011111
011000011
111011111
111011111
000011010
111111101
111011111
011000011
111011111
111011111
000011010
111111110
111011111
011000011
111011111
111011111
000011010
111111110
111111001
111011111
011000011
110000000
110110101
001100001
001000101
001000110
101010110
010010000
001000101
101011111
010011000
011010011
111011111
111011111
111000111
111000111
000000010
111000111
000011010
111111001
111011111
011000011
111011111
111011111
000011010
111111010
111011111
011000011
111011111
111011111
000011010
111111011
111011111
011000011
111011111
111011111
000011010
111111100
111011111
011000011
111011111
111011111
000011010
111111101
111011111
011000011
111011111
111011111
000011010
111111110
111011111
011000011
111011111
111011111
000011010
111111110
111111001
111011111
011000011
110000000
110110110
001100010
001000110
001000010
001000111
101010111
010010000
101011110
111000111
111000111
010011000
011010011
111011111
111011111
111000111
111000111
000000010
111000111
000011010
111111001
111011111
011000011
111011111
111011111
000011010
111111010
111011111
011000011
111011111
111011111
000011010
111111011
111011111
011000011
111011111
111011111
000011010
111111100
111011111
011000011
111011111
111011111
000011010
111111101
111011111
011000011
111011111
111011111
000011010
111111110
111011111
011000011
111011111
111011111
000011010
111111110
111111001
111011111
011000011
110000000
110110111
001100110
001000011
001000011
001000011
001000100
001000101
001000110
001000010
001000111
101010110
010010000
101011111
010010011
111011111
111011111
111000111
111000111
000000010
111000111
000011010
111111001
111011111
011000011
111011111
111011111
000011010
111111010
111011111
011000011
111011111
111011111
000011010
111111011
111011111
011000011
111011111
111011111
000011010
111111100
111011111
011000011
111011111
111011111
000011010
111111101
111011111
011000011
111011111
111011111
000011010
111111110
111011111
011000011
111011111
111011111
000011010
111111110
111111001
111011111
011000011
110000000
110111000
001100101
111000111
111000111
111010111
111010111
000010100
110101000
110110001
001000101
010010000
111010010
111000111
111000111
001000001
101011110
010000011
110100010
110110001
111010010
000010100
111000111
111000111
001000110
001000010
001000111
001000001
010010000
111011111
111011111
010000011
001000010
001000111
001000001
000011010
110001010
101101110
101101111
110001010
111011000
010011000
111010111
111010111
010000010
001010001
110101100
110111001
001000001
111110001
110011100
110111010
011101010
111010111
111010111
000010100
111011111
111011111
001011110
001011010
001011111
001011001
010010011
110001010
100101110
100101111
110110001
111111111