111000111
111000111
010100000
010101000
010110000
010111000
010011000
001011011
001011011
001000000
101000000
111000011
111010111
111010111
010110010
000110100
101010011
111010011
110100010
001101001
110100010
001100001
101010011
111110001
111010011
110100010
001101001
110100010
001100001
101010011
111110010
111010011
110100010
001101001
110100010
001100001
101010011
111110011
111010011
110100010
001101001
110100010
001100001
101010011
111110100
111010011
111001111
111001111
000001011
001001001
101001001
111001111
000010001
110100010
001101001
101010011
111110101
111010011
111001111
111001111
000001011
001001001
101001001
111001110
000010001
110100010
001101001
101010011
111110110
111010011
111001111
111001111
000001011
001001001
101001001
111001101
000010001
110100010
001101001
101010011
111110111
111010011
111001111
111001111
000001011
001001001
101001001
111001100
000010001
110100010
001101001
001011001
111010111
111010111
000010110
111001111
111001111
000001100
110011001
001111001
110001101
110110011
111010111
111010111
010110010
000110100
101010011
111010011
110100010
001101001
110100010
001100001
101010011
111110001
111010011
110100010
001101001
110100010
001100001
101010011
111110010
111010011
110100010
001101001
110100010
001100001
101010011
111110011
111010011
110100010
001101001
110100010
001100001
111010111
111010111
000010110
111001111
111001111
000001100
110011001
001111001
001011100
001011001
100100011
001011001
100111011
001011001
100101011
111111111