101010101
001101001
101001101
111000111
111000111
001000011
001000011
001000011
001000111
001000001
111011111
111011111
000011001
111001010
100001000
001000001
111001111
111001111
000001011
111001001
100001000
001000001
100011000
001000001
111011111
111011111
000011010
111010111
100010000
001000001
111010111
111010111
000010011
111010110 
100010000
001000001
111010111
111010111
000010011
111010101
100010000
001000001
111010111
111010111
000010011
111010100
100010000
001000001
111010111
111010111
000010011
111010011
100010000
001000001
111010111
111010111
000010011
111010010
100010000
001000001
111010111
111010111
000010011
111010001
100010000
001000001
111010111
111010111
000010011
100010000
111000111
111000111
111001111
111001111
001000011
001000011
001000011
001000111
001000001
000001000
101011000
001000001
101010000
011011010
001000001
101010000
011011010
001000001
101010000
011011010
001000001
101010000
011011010
001000001
101010000
011011010
001000001
101010000
011011010
001000010
001000001
100011000
000110011
111000111
111000111
000000001
101011000
001000001
101010000
011011010
001000001
101010000
011011010
001000001
101010000
011011010
001000010
101010000
011011010
001000001
101010000
011011010
001000001
101010000
011011010
001000111
001000001
100011000
111000111
111000111
000000001
101011000
001000001
101010000
011011010
001000111
001000001
101010000
011011010
001000001
101010000
011011010
001000111
101010000
011011010
001000001
101010000
011011010
001000111
101010000
011011010
001000111
001000001
100011000
111000111
111000111
000000001
101011000
001000111
101010000
011011010
001000111
101010000
011011010
001000111
101010000
011011010
001000001
101010000
011011010
001000111
101010000
011011010
001000001
101010000
011011010
001000010
100011000
111000111
111000111
000000001
001000010
001000111
001000001
101010000
011110010
001000001
101010000
011110010
001000001
101010000
011110010
001000001
101010000
011110010
001000001
101010000
011110010
001000001
101010000
011110010
001000001
101010000
011110010
011110011
001000111
100110000
111000111
111000111
010100000
001100001
000000001
101010000
010010100
111110001
001000001
101011000
010011100
000010011
111110001
001000001
101011000
010011100
000010011
111110001
001000001
101011000
010011100
000010011
111110001
001000001
101011000
010011100
000010011
111110001
001000001
101011000
010011100
000010011
111110001
001000001
101011000
010011100
000010011
111110001
001000010
001000001
101011000
010011100
000010011
111000111
111000111
000000001
001000010
001000111
001000001
101011000
010011100
111111001
001000001
101110000
010110100
000011110
111111001
001000001
101110000
010110100
000011110
111111001
001000111
001000001
101110000
010110100
000011110
111111001
111000111
111000111
010111000
000000001
001000110
001000111
101110000
010110100
000011110
111111001
001000111
001000001
101110000
010110100
000011110
111111001
001000001
101110000
010110100
000011110
111111001
001000001
101110000
010110100
000011110
001111101
001111110
001111010
001111001
111000111
111000111
000000111
001000111
000111101
100011111
001111001
100010111
111011111
111011111
000011101
001101001
110011100
110110000
111111111